[IPC] Thread launched with TX FIFO `/tmp/tmp03g57vm3/tx`, RX FIFO `/tmp/tmp03g57vm3/rx`
[Tracer] Logging Hart          8 to logs/trace_hart_00008.dasm
[iDMA Tracer] Logging gen_backend[c].i_idma_backend_rw_axi to dma_trace_00008_00000.log
[Tracer] Logging Hart          0 to logs/trace_hart_00000.dasm
[Tracer] Logging Hart          1 to logs/trace_hart_00001.dasm
[Tracer] Logging Hart          2 to logs/trace_hart_00002.dasm
[Tracer] Logging Hart          3 to logs/trace_hart_00003.dasm
[Tracer] Logging Hart          4 to logs/trace_hart_00004.dasm
[Tracer] Logging Hart          5 to logs/trace_hart_00005.dasm
[Tracer] Logging Hart          6 to logs/trace_hart_00006.dasm
[Tracer] Logging Hart          7 to logs/trace_hart_00007.dasm
[IPC] Poll on 0x80009640 mask 0x1 expected 0x0 ...
[NarrowAxi] Writing entry point 80000000 to scratch1
[NarrowAxi] Setting Cluster Clint interrupt
[IPC] Read from 0x8000a3b8 len 0x400 ...
[IPC] All messages read. Closing FIFOs and joining main thread.
[IPC] Thread joined
[-0.42061777 -0.71559657  1.54672035 -0.17398795 -0.18205054  1.79182555
  0.2395018   1.86507173 -1.76569882  1.28604493 -0.76529029 -0.52065303
  0.2698823   0.03943596 -0.32531935 -1.2947293  -0.27626795 -0.20773842
 -3.22372306  1.23934344 -0.48699017  1.02656436 -1.94313466  0.23245148
  0.59356321 -0.05067197  1.17155728  1.00469766 -0.26100345  1.46330609
 -1.60723589 -1.46486029 -1.967137    0.8027202  -0.39874661 -0.51053734
 -0.42712031 -0.65557709  0.55820335  0.12259513 -1.69311127  0.83126885
  0.52502872  0.54111013 -1.23383768 -0.53874328 -0.54244291  0.2236384
  0.70865344  0.41035082 -0.85466325  1.67335994 -1.4796298   0.30558091
 -1.65687706 -0.95896419 -0.12318671 -0.66561238 -0.25427769  2.51126568
 -1.69450547 -0.49641086 -1.55186724 -0.02963801  0.51858881 -0.13865135
  0.70316045  1.78550438 -0.42031951  0.39640306  0.39482609 -1.6286148
 -0.43811153 -1.59024159  3.2237145   1.31074977  1.62146156 -1.17424966
  0.58845519  0.78402263  0.71204058 -0.45585368  0.90460987  1.88879513
  0.98281735  2.02727196 -0.90207533  0.53592597 -0.73180578  0.56817673
  1.42924197  0.9368151   1.3619345  -0.26365441  0.31069679 -1.42251579
 -0.2024841  -0.75696125 -0.68843685 -0.15054307 -1.27492495 -1.28843036
  0.75693283 -0.20140093 -1.0159907  -1.71439019 -2.01427921 -0.08491758
 -0.42371507 -0.2942095   1.18737284  1.23675131  1.41472353 -2.59751862
  1.1521693   0.4937516  -0.24801904 -1.72146592  0.84248371  0.04069688
 -0.05247176 -2.24400693 -1.91460835 -0.81766392  0.37559532 -0.56887016
  2.23758535  1.92764276]
[-0.42061777 -0.71559657  1.54672035 -0.17398795 -0.18205054  1.79182555
  0.2395018   1.86507173 -1.76569882  1.28604493 -0.76529029 -0.52065303
  0.2698823   0.03943596 -0.32531935 -1.2947293  -0.27626795 -0.20773842
 -3.22372306  1.23934344 -0.48699017  1.02656436 -1.94313466  0.23245148
  0.59356321 -0.05067197  1.17155728  1.00469766 -0.26100345  1.46330609
 -1.60723589 -1.46486029 -1.967137    0.8027202  -0.39874661 -0.51053734
 -0.42712031 -0.65557709  0.55820335  0.12259513 -1.69311127  0.83126885
  0.52502872  0.54111013 -1.23383768 -0.53874328 -0.54244291  0.2236384
  0.70865344  0.41035082 -0.85466325  1.67335994 -1.4796298   0.30558091
 -1.65687706 -0.95896419 -0.12318671 -0.66561238 -0.25427769  2.51126568
 -1.69450547 -0.49641086 -1.55186724 -0.02963801  0.51858881 -0.13865135
  0.70316045  1.78550438 -0.42031951  0.39640306  0.39482609 -1.6286148
 -0.43811153 -1.59024159  3.2237145   1.31074977  1.62146156 -1.17424966
  0.58845519  0.78402263  0.71204058 -0.45585368  0.90460987  1.88879513
  0.98281735  2.02727196 -0.90207533  0.53592597 -0.73180578  0.56817673
  1.42924197  0.9368151   1.3619345  -0.26365441  0.31069679 -1.42251579
 -0.2024841  -0.75696125 -0.68843685 -0.15054307 -1.27492495 -1.28843036
  0.75693283 -0.20140093 -1.0159907  -1.71439019 -2.01427921 -0.08491758
 -0.42371507 -0.2942095   1.18737284  1.23675131  1.41472353 -2.59751862
  1.1521693   0.4937516  -0.24801904 -1.72146592  0.84248371  0.04069688
 -0.05247176 -2.24400693 -1.91460835 -0.81766392  0.37559532 -0.56887016
  2.23758535  1.92764276]
