[IPC] Thread launched with TX FIFO `/tmp/tmp3faj9nmv/tx`, RX FIFO `/tmp/tmp3faj9nmv/rx`
[Tracer] Logging Hart          8 to logs/trace_hart_00008.dasm
[iDMA Tracer] Logging gen_backend[c].i_idma_backend_rw_axi to dma_trace_00008_00000.log
[Tracer] Logging Hart          0 to logs/trace_hart_00000.dasm
[Tracer] Logging Hart          1 to logs/trace_hart_00001.dasm
[Tracer] Logging Hart          2 to logs/trace_hart_00002.dasm
[Tracer] Logging Hart          3 to logs/trace_hart_00003.dasm
[Tracer] Logging Hart          4 to logs/trace_hart_00004.dasm
[Tracer] Logging Hart          5 to logs/trace_hart_00005.dasm
[Tracer] Logging Hart          6 to logs/trace_hart_00006.dasm
[Tracer] Logging Hart          7 to logs/trace_hart_00007.dasm
[IPC] Poll on 0x80009640 mask 0x1 expected 0x0 ...
[NarrowAxi] Writing entry point 80000000 to scratch1
[NarrowAxi] Setting Cluster Clint interrupt
[IPC] Read from 0x8000a7b8 len 0x800 ...
[IPC] All messages read. Closing FIFOs and joining main thread.
[IPC] Thread joined
[Verifier] Myrtle Timeout Value is 0
[ 0.12729433 -0.8378397   2.26391619  0.2207481  -0.99369584  2.74307026
  0.7617812   2.43720035 -2.50947155  1.1868168  -1.02369424  0.33287695
  0.55761254  0.68495918 -0.43849095 -1.84025186 -0.16709837 -1.08010391
 -2.56846072  1.50267224  0.02918531  0.7356163  -1.00173861  1.01869372
  1.15033021 -0.66139455  1.10499929  0.09230519 -0.95242447  1.829404
 -1.11771157 -0.52984083 -2.31548628  0.54363961 -0.45963498 -1.13159462
 -1.1672773  -0.70416724  0.01202205  0.46222312 -1.81880743  1.49662525
  0.92555892  0.16584341 -0.56931808  0.07078543 -0.76748615 -0.19970539
  1.07364445 -0.31014421 -1.45484684  0.68808448 -0.90578105  0.63528262
 -1.2465463  -0.39750613 -0.20535516 -0.52812999 -0.9746837   1.74032582
 -1.35769955 -0.55421845 -1.42139503  0.5003597   0.78802545 -0.03149255
  0.82157478  1.39340458 -1.35868384  0.26983784 -0.17600457 -1.81155751
  0.26869461 -2.12236262  2.34031998  0.87351755  1.20864908 -0.85041664
  0.7025195   1.35181905  1.04066766 -0.64307996  1.53265064  1.22274097
  0.0282415   1.20736768 -0.45735663  0.45968043 -1.40926223  0.57026628
  0.73386618  1.32945585  1.25424705 -0.50161195 -0.08627903 -1.1619506
 -0.47885887 -1.58166141 -1.45242504  0.77325226 -0.45776357 -0.8890161
  0.28867276  0.73695182 -0.45848889 -1.28060981 -2.1155562  -0.54043445
 -1.23093314  0.51099529  1.09892542  0.64147804  1.02663677 -2.43907949
  0.50571487  1.20698017  0.26902002 -1.28254001  0.70666979  0.29531456
  0.11572418 -1.94431373 -2.74571971 -0.98604912 -0.54117634 -0.58088852
  1.89730778  1.21669113 -1.71182267  0.0881219  -3.726791   -0.2577704
  1.50096117 -2.58080736  0.35008235 -1.50844174  2.86561322 -0.33741813
  2.03365467 -1.61538757 -0.56720036  0.66859739  0.53141766  1.44199954
  0.54777063 -0.3117708  -1.47227926  2.62313972  1.93490049  1.06035621
 -0.75825577  1.527613   -0.29550716 -0.44277312 -0.27689009  1.31832022
 -0.69689309  0.02867285  0.30196455 -0.44198616 -1.78839973 -1.60463001
  0.9659308   1.8616983   0.85993188 -1.39236258  1.5949484   2.56211899
 -0.5798513  -0.96766923 -1.1781489  -1.3645774  -2.98697364  1.25310448
  1.84035281  0.69493807 -0.45587719 -0.88134828 -0.26102141 -1.35211314
 -0.64864842 -2.42563005 -0.51766419  0.03044867  2.51483505  0.40857538
 -0.70582553 -2.28118208 -0.36985235  1.11176043  0.15394921  1.00007813
  0.81878468 -0.96773207  0.56137364 -0.4788593  -0.86813555 -3.23639913
  1.94429525 -0.99716532 -0.61929058 -1.26792265 -1.22220996  0.3978033
 -1.25317679 -1.19946056  1.00733502  3.14540506 -0.75213833  0.70362584
 -1.00572416 -1.17271461  0.52857333  0.54422313  0.36521984  1.5063593
 -1.43543085  0.4686738   1.15994838  0.79651496 -0.79394394  0.28154376
 -2.40808965 -0.67240812 -2.1152485   1.1457801   0.4139726   0.56883851
  1.56879716 -0.83631996  1.98359187 -0.54224274  1.70114727 -0.99669702
  0.25359023 -2.74264116 -0.92613382  0.09361576  2.62007391  1.19482847
  2.47687381  0.55541273  1.49782932  0.05588192  0.42464828  1.73150493
  1.96438     0.40844975 -0.74117832 -0.37357405 -1.81574229  0.82248216
 -0.25513944 -0.74286616 -0.10579195  0.64864417]
[ 0.12729433 -0.8378397   2.26391619  0.2207481  -0.99369584  2.74307026
  0.7617812   2.43720035 -2.50947155  1.1868168  -1.02369424  0.33287695
  0.55761254  0.68495918 -0.43849095 -1.84025186 -0.16709837 -1.08010391
 -2.56846072  1.50267224  0.02918531  0.7356163  -1.00173861  1.01869372
  1.15033021 -0.66139455  1.10499929  0.09230519 -0.95242447  1.829404
 -1.11771157 -0.52984083 -2.31548628  0.54363961 -0.45963498 -1.13159462
 -1.1672773  -0.70416724  0.01202205  0.46222312 -1.81880743  1.49662525
  0.92555892  0.16584341 -0.56931808  0.07078543 -0.76748615 -0.19970539
  1.07364445 -0.31014421 -1.45484684  0.68808448 -0.90578105  0.63528262
 -1.2465463  -0.39750613 -0.20535516 -0.52812999 -0.9746837   1.74032582
 -1.35769955 -0.55421845 -1.42139503  0.5003597   0.78802545 -0.03149255
  0.82157478  1.39340458 -1.35868384  0.26983784 -0.17600457 -1.81155751
  0.26869461 -2.12236262  2.34031998  0.87351755  1.20864908 -0.85041664
  0.7025195   1.35181905  1.04066766 -0.64307996  1.53265064  1.22274097
  0.0282415   1.20736768 -0.45735663  0.45968043 -1.40926223  0.57026628
  0.73386618  1.32945585  1.25424705 -0.50161195 -0.08627903 -1.1619506
 -0.47885887 -1.58166141 -1.45242504  0.77325226 -0.45776357 -0.8890161
  0.28867276  0.73695182 -0.45848889 -1.28060981 -2.1155562  -0.54043445
 -1.23093314  0.51099529  1.09892542  0.64147804  1.02663677 -2.43907949
  0.50571487  1.20698017  0.26902002 -1.28254001  0.70666979  0.29531456
  0.11572418 -1.94431373 -2.74571971 -0.98604912 -0.54117634 -0.58088852
  1.89730778  1.21669113 -1.71182267  0.0881219  -3.726791   -0.2577704
  1.50096117 -2.58080736  0.35008235 -1.50844174  2.86561322 -0.33741813
  2.03365467 -1.61538757 -0.56720036  0.66859739  0.53141766  1.44199954
  0.54777063 -0.3117708  -1.47227926  2.62313972  1.93490049  1.06035621
 -0.75825577  1.527613   -0.29550716 -0.44277312 -0.27689009  1.31832022
 -0.69689309  0.02867285  0.30196455 -0.44198616 -1.78839973 -1.60463001
  0.9659308   1.8616983   0.85993188 -1.39236258  1.5949484   2.56211899
 -0.5798513  -0.96766923 -1.1781489  -1.3645774  -2.98697364  1.25310448
  1.84035281  0.69493807 -0.45587719 -0.88134828 -0.26102141 -1.35211314
 -0.64864842 -2.42563005 -0.51766419  0.03044867  2.51483505  0.40857538
 -0.70582553 -2.28118208 -0.36985235  1.11176043  0.15394921  1.00007813
  0.81878468 -0.96773207  0.56137364 -0.4788593  -0.86813555 -3.23639913
  1.94429525 -0.99716532 -0.61929058 -1.26792265 -1.22220996  0.3978033
 -1.25317679 -1.19946056  1.00733502  3.14540506 -0.75213833  0.70362584
 -1.00572416 -1.17271461  0.52857333  0.54422313  0.36521984  1.5063593
 -1.43543085  0.4686738   1.15994838  0.79651496 -0.79394394  0.28154376
 -2.40808965 -0.67240812 -2.1152485   1.1457801   0.4139726   0.56883851
  1.56879716 -0.83631996  1.98359187 -0.54224274  1.70114727 -0.99669702
  0.25359023 -2.74264116 -0.92613382  0.09361576  2.62007391  1.19482847
  2.47687381  0.55541273  1.49782932  0.05588192  0.42464828  1.73150493
  1.96438     0.40844975 -0.74117832 -0.37357405 -1.81574229  0.82248216
 -0.25513944 -0.74286616 -0.10579195  0.64864417]
